461032.1995
461496.5986
462750.4762
464352.6531
464515.1927
464979.5918
465304.6712
465629.7506
465769.0703
466070.9297
466233.4694
466558.5488
466883.6281
467022.9478
467348.0272
467510.5669
468764.4444
469414.6032
469553.9229
470041.5420
470343.4014
470668.4807
470807.8005
471272.1995
471597.2789
472549.2971
473036.9161
473199.4558
473361.9955
473687.0748
473988.9342
474128.2540
474314.0136
474639.0930
474917.7324
475080.2721
475382.1315
476032.2902
476194.8299
476519.9093
476821.7687
476984.3084
477146.8481
477425.4875
477611.2472
477936.3265
478238.1859
478400.7256
478563.2653
478702.5850
478865.1247
479027.6644
479352.7438
479515.2834
479677.8231
479979.6825
480142.2222
480444.0816
480769.1610
480931.7007
481094.2404
481233.5601
481396.0998
481558.6395
481721.1791
481883.7188
482023.0385
482208.7982
482348.1179
482510.6576
482649.9773
483137.5964
483300.1361
483462.6757
483764.5351
483927.0748
484089.6145
484228.9342
484391.4739
484554.0136
484879.0930
485041.6327
485180.9524
486132.9705
486295.5102
486458.0499
486597.3696
486922.4490
487084.9887
487410.0680
487526.1678
487711.9274
488037.0068
488199.5465
488338.8662
488524.6259
488663.9456
488826.4853
488965.8050
489128.3447
489453.4240
489615.9637
489801.7234
490080.3628
490242.9025
490707.3016
490869.8413
491055.6009
491357.4603
491496.7800
491682.5397
491984.3991
492123.7188
492309.4785
492611.3379
492773.8776
493400.8163
493702.6757
494027.7551
494190.2948
494352.8345
494515.3741
494654.6939
494817.2336
494979.7732
495142.3129
495304.8526
495467.3923
496256.8707
497510.7483
497975.1474
498764.6259
499112.9252
500018.5034
500970.5215
501458.1406
501597.4603
501922.5397
502224.3991
502549.4785
502712.0181
502874.5578
503664.0363
503826.5760
504290.9751
504732.1542
505010.7937
505312.6531
505451.9728
505684.1723
506032.4717
506659.4104
508563.4467
509190.3855
509817.3243
510003.0839
510444.2630
512348.2993
512812.6984
513137.7778
513462.8571
513602.1769
513787.9365
514066.5760
514252.3356
515506.2132
515668.7528
516760.0907
517410.2494
518037.1882
518664.1270
519291.0658
519918.0045
520568.1633
521822.0408
521984.5805
522448.9796
523075.9184
523726.0771
524353.0159
524956.7347
526396.3719
526860.7710
527348.3900
527510.9297
527650.2494
527975.3288
528114.6485
528439.7279
528764.8073
528927.3469
529252.4263
529391.7460
529716.8254
529879.3651
530041.9048
530181.2245
530343.7642
530506.3039
530645.6236
530970.7029
531435.1020
531922.7211
532247.8005
532549.6599
532712.1995
533037.2789
533176.5986
533501.6780
533826.7574
533966.0771
534291.1565
534453.6961
534778.7755
534918.0952
535080.6349
535243.1746
535545.0340
535707.5737
536032.6531
536497.0522
536961.4512
537286.5306
537611.6100
537774.1497
538238.5488
538563.6281
539469.2063
539794.2857
540305.1247
540606.9841
540746.3039
541071.3832
542023.4014
542511.0204
542975.4195
543602.3583
544066.7574
544554.3764
545018.7755
545645.7143
545970.7937
